N <-
7L
y <-
c(1, 2.1, 3.4, 5.7, 6.1, 8.2, 9)
x <-
1:7
